#depth	He	He+	He+2
 8.21512e+12	1.98e-03	9.53e-01	4.49e-02
 4.92907e+13	1.98e-03	9.53e-01	4.49e-02
 2.13593e+14	1.99e-03	9.53e-01	4.48e-02
 8.70803e+14	1.99e-03	9.54e-01	4.45e-02
 2.08007e+15	2.00e-03	9.54e-01	4.43e-02
 3.65211e+15	2.02e-03	9.54e-01	4.38e-02
 5.69577e+15	2.04e-03	9.55e-01	4.31e-02
 8.35253e+15	2.07e-03	9.56e-01	4.20e-02
 1.18063e+16	2.10e-03	9.57e-01	4.06e-02
 1.62962e+16	2.14e-03	9.59e-01	3.86e-02
 2.21331e+16	2.20e-03	9.62e-01	3.58e-02
 2.97211e+16	2.27e-03	9.65e-01	3.23e-02
 3.95854e+16	2.37e-03	9.70e-01	2.78e-02
 5.24091e+16	2.50e-03	9.75e-01	2.26e-02
 6.90799e+16	2.68e-03	9.80e-01	1.70e-02
 8.98907e+16	2.90e-03	9.85e-01	1.18e-02
 1.13123e+17	3.15e-03	9.89e-01	7.68e-03
 1.36453e+17	3.41e-03	9.92e-01	4.97e-03
 1.60717e+17	3.69e-03	9.93e-01	3.16e-03
 1.86170e+17	4.00e-03	9.94e-01	1.97e-03
 2.08788e+17	4.28e-03	9.94e-01	1.30e-03
 2.29667e+17	4.55e-03	9.95e-01	8.89e-04
 2.52634e+17	4.86e-03	9.95e-01	5.90e-04
 2.77897e+17	5.21e-03	9.94e-01	3.78e-04
 3.05687e+17	5.62e-03	9.94e-01	2.34e-04
 3.36256e+17	6.10e-03	9.94e-01	1.40e-04
 3.67751e+17	6.62e-03	9.93e-01	8.40e-05
 3.98253e+17	7.15e-03	9.93e-01	5.19e-05
 4.31355e+17	7.77e-03	9.92e-01	3.11e-05
 4.66625e+17	8.47e-03	9.92e-01	1.85e-05
 4.99730e+17	9.18e-03	9.91e-01	1.16e-05
 5.35780e+17	1.00e-02	9.90e-01	7.01e-06
 5.74348e+17	1.10e-02	9.89e-01	4.22e-06
 6.09168e+17	1.20e-02	9.88e-01	2.73e-06
 6.41860e+17	1.30e-02	9.87e-01	1.83e-06
 6.79370e+17	1.43e-02	9.86e-01	1.17e-06
 7.19682e+17	1.58e-02	9.84e-01	7.43e-07
 7.55111e+17	1.73e-02	9.83e-01	5.07e-07
 7.87332e+17	1.89e-02	9.81e-01	3.62e-07
 8.23908e+17	2.09e-02	9.79e-01	2.46e-07
 8.62874e+17	2.34e-02	9.77e-01	1.68e-07
 8.96241e+17	2.60e-02	9.74e-01	1.23e-07
 9.25527e+17	2.87e-02	9.71e-01	9.38e-08
 9.58214e+17	3.22e-02	9.68e-01	6.90e-08
 9.93114e+17	3.67e-02	9.63e-01	5.07e-08
 1.01857e+18	4.07e-02	9.59e-01	4.13e-08
 1.03443e+18	4.36e-02	9.56e-01	3.61e-08
 1.05012e+18	4.70e-02	9.53e-01	3.14e-08
 1.07052e+18	5.19e-02	9.48e-01	2.63e-08
 1.09228e+18	5.82e-02	9.42e-01	2.19e-08
 1.11077e+18	6.46e-02	9.35e-01	1.89e-08
 1.12690e+18	7.14e-02	9.29e-01	1.65e-08
 1.14500e+18	8.05e-02	9.19e-01	1.41e-08
 1.16461e+18	9.27e-02	9.07e-01	1.19e-08
 1.18186e+18	1.07e-01	8.93e-01	1.03e-08
 1.19722e+18	1.22e-01	8.78e-01	9.01e-09
 1.21203e+18	1.41e-01	8.59e-01	7.90e-09
 1.22608e+18	1.63e-01	8.37e-01	6.91e-09
 1.23870e+18	1.90e-01	8.10e-01	6.10e-09
 1.24983e+18	2.19e-01	7.81e-01	5.42e-09
 1.25982e+18	2.50e-01	7.50e-01	4.82e-09
 1.26914e+18	2.87e-01	7.13e-01	4.27e-09
 1.27788e+18	3.29e-01	6.71e-01	3.77e-09
 1.28579e+18	3.73e-01	6.27e-01	3.31e-09
 1.29297e+18	4.20e-01	5.80e-01	2.90e-09
 1.29976e+18	4.71e-01	5.29e-01	2.52e-09
 1.30638e+18	5.25e-01	4.75e-01	2.16e-09
 1.31280e+18	5.82e-01	4.18e-01	1.82e-09
 1.31885e+18	6.37e-01	3.63e-01	1.52e-09
 1.32452e+18	6.88e-01	3.12e-01	1.26e-09
 1.32999e+18	7.36e-01	2.64e-01	1.04e-09
 1.33535e+18	7.79e-01	2.21e-01	8.53e-10
 1.34050e+18	8.17e-01	1.83e-01	7.01e-10
 1.34520e+18	8.47e-01	1.53e-01	5.89e-10
 1.34907e+18	8.68e-01	1.32e-01	5.13e-10
 1.35205e+18	8.82e-01	1.18e-01	4.66e-10
 1.35446e+18	8.92e-01	1.08e-01	4.32e-10
 1.35663e+18	9.00e-01	9.97e-02	4.05e-10
 1.35863e+18	9.07e-01	9.25e-02	3.84e-10
 1.36044e+18	9.13e-01	8.67e-02	3.68e-10
 1.36204e+18	9.18e-01	8.21e-02	3.57e-10
 1.36348e+18	9.22e-01	7.81e-02	3.46e-10
 1.36488e+18	9.25e-01	7.46e-02	3.40e-10
 1.36621e+18	9.28e-01	7.16e-02	3.34e-10
 1.36742e+18	9.31e-01	6.89e-02	3.29e-10
 1.36840e+18	9.33e-01	6.71e-02	3.27e-10
 1.36913e+18	9.34e-01	6.57e-02	3.26e-10
 1.36984e+18	9.36e-01	6.43e-02	3.24e-10
 1.37059e+18	9.37e-01	6.29e-02	3.23e-10
 1.37137e+18	9.38e-01	6.16e-02	3.22e-10
 1.37214e+18	9.40e-01	6.04e-02	3.22e-10
 1.37289e+18	9.41e-01	5.92e-02	3.23e-10
 1.37363e+18	9.42e-01	5.82e-02	3.24e-10
 1.37437e+18	9.43e-01	5.71e-02	3.25e-10
 1.37511e+18	9.44e-01	5.61e-02	3.26e-10
 1.37583e+18	9.45e-01	5.52e-02	3.28e-10
 1.37653e+18	9.46e-01	5.44e-02	3.30e-10
 1.37725e+18	9.46e-01	5.36e-02	3.32e-10
 1.37796e+18	9.47e-01	5.27e-02	3.35e-10
 1.37866e+18	9.48e-01	5.20e-02	3.38e-10
 1.37935e+18	9.49e-01	5.13e-02	3.41e-10
 1.38004e+18	9.49e-01	5.07e-02	3.45e-10
 1.38073e+18	9.50e-01	5.00e-02	3.49e-10
 1.38141e+18	9.51e-01	4.94e-02	3.53e-10
 1.38208e+18	9.51e-01	4.89e-02	3.58e-10
 1.38276e+18	9.52e-01	4.83e-02	3.62e-10
 1.38342e+18	9.52e-01	4.78e-02	3.68e-10
 1.38406e+18	9.53e-01	4.72e-02	3.71e-10
 1.38469e+18	9.53e-01	4.68e-02	3.76e-10
 1.38532e+18	9.54e-01	4.63e-02	3.81e-10
 1.38595e+18	9.54e-01	4.59e-02	3.86e-10
 1.38656e+18	9.55e-01	4.54e-02	3.91e-10
 1.38715e+18	9.55e-01	4.50e-02	3.97e-10
 1.38772e+18	9.55e-01	4.46e-02	4.02e-10
 1.38829e+18	9.56e-01	4.42e-02	4.06e-10
 1.38885e+18	9.56e-01	4.38e-02	4.10e-10
 1.38940e+18	9.57e-01	4.34e-02	4.14e-10
 1.38993e+18	9.57e-01	4.30e-02	4.16e-10
 1.39045e+18	9.57e-01	4.25e-02	4.19e-10
 1.39096e+18	9.58e-01	4.21e-02	4.21e-10
 1.39144e+18	9.58e-01	4.17e-02	4.22e-10
 1.39187e+18	9.59e-01	4.13e-02	4.22e-10
 1.39225e+18	9.59e-01	4.09e-02	4.22e-10
 1.39257e+18	9.59e-01	4.05e-02	4.21e-10
 1.39286e+18	9.60e-01	4.02e-02	4.19e-10
 1.39313e+18	9.60e-01	3.98e-02	4.17e-10
 1.39337e+18	9.61e-01	3.95e-02	4.15e-10
