#depth	O	O+	O+2	O+3	O+4	O+5	O+6	O+7	O+8	O[1]	O[2]	O[3]
 8.21512e+12	2.86e-05	7.51e-02	9.05e-01	1.97e-02	0.00e+00	0.00e+00	0.00e+00	0.00e+00	0.00e+00	2.82e-05	1.92e-07	2.21e-07
 4.92907e+13	2.86e-05	7.50e-02	9.05e-01	1.97e-02	2.58e-07	0.00e+00	0.00e+00	0.00e+00	0.00e+00	2.82e-05	1.92e-07	2.21e-07
 2.13593e+14	2.87e-05	7.51e-02	9.05e-01	1.96e-02	0.00e+00	0.00e+00	0.00e+00	0.00e+00	0.00e+00	2.83e-05	1.92e-07	2.21e-07
 8.70803e+14	2.89e-05	7.53e-02	9.05e-01	1.93e-02	0.00e+00	0.00e+00	0.00e+00	0.00e+00	0.00e+00	2.85e-05	1.94e-07	2.22e-07
 2.08007e+15	2.93e-05	7.58e-02	9.05e-01	1.89e-02	0.00e+00	0.00e+00	0.00e+00	0.00e+00	0.00e+00	2.89e-05	1.96e-07	2.25e-07
 3.65211e+15	3.00e-05	7.66e-02	9.05e-01	1.83e-02	0.00e+00	0.00e+00	0.00e+00	0.00e+00	0.00e+00	2.96e-05	2.00e-07	2.30e-07
 5.69577e+15	3.08e-05	7.75e-02	9.05e-01	1.76e-02	0.00e+00	0.00e+00	0.00e+00	0.00e+00	0.00e+00	3.03e-05	2.05e-07	2.35e-07
 8.35253e+15	3.17e-05	7.85e-02	9.05e-01	1.67e-02	0.00e+00	0.00e+00	0.00e+00	0.00e+00	0.00e+00	3.12e-05	2.10e-07	2.42e-07
 1.18063e+16	3.28e-05	7.97e-02	9.05e-01	1.57e-02	0.00e+00	0.00e+00	0.00e+00	0.00e+00	0.00e+00	3.23e-05	2.17e-07	2.50e-07
 1.62962e+16	3.42e-05	8.12e-02	9.04e-01	1.44e-02	0.00e+00	0.00e+00	0.00e+00	0.00e+00	0.00e+00	3.37e-05	2.26e-07	2.60e-07
 2.21331e+16	3.61e-05	8.32e-02	9.04e-01	1.29e-02	0.00e+00	0.00e+00	0.00e+00	0.00e+00	0.00e+00	3.56e-05	2.37e-07	2.73e-07
 2.97211e+16	3.86e-05	8.57e-02	9.03e-01	1.12e-02	0.00e+00	0.00e+00	0.00e+00	0.00e+00	0.00e+00	3.80e-05	2.53e-07	2.92e-07
 3.95854e+16	4.21e-05	8.91e-02	9.02e-01	9.22e-03	0.00e+00	0.00e+00	0.00e+00	0.00e+00	0.00e+00	4.15e-05	2.75e-07	3.17e-07
 5.24091e+16	4.70e-05	9.38e-02	8.99e-01	7.19e-03	0.00e+00	0.00e+00	0.00e+00	0.00e+00	0.00e+00	4.63e-05	3.07e-07	3.53e-07
 6.90799e+16	5.41e-05	1.00e-01	8.95e-01	5.18e-03	0.00e+00	0.00e+00	0.00e+00	0.00e+00	0.00e+00	5.34e-05	3.52e-07	4.06e-07
 8.98907e+16	6.42e-05	1.09e-01	8.88e-01	3.44e-03	0.00e+00	0.00e+00	0.00e+00	0.00e+00	0.00e+00	6.33e-05	4.16e-07	4.80e-07
 1.13123e+17	7.71e-05	1.18e-01	8.79e-01	2.18e-03	0.00e+00	0.00e+00	0.00e+00	0.00e+00	0.00e+00	7.60e-05	4.97e-07	5.74e-07
 1.36453e+17	9.20e-05	1.29e-01	8.70e-01	1.38e-03	0.00e+00	0.00e+00	0.00e+00	0.00e+00	0.00e+00	9.07e-05	5.91e-07	6.81e-07
 1.60717e+17	1.10e-04	1.40e-01	8.59e-01	8.62e-04	0.00e+00	0.00e+00	0.00e+00	0.00e+00	0.00e+00	1.08e-04	7.03e-07	8.10e-07
 1.86170e+17	1.31e-04	1.52e-01	8.47e-01	5.29e-04	0.00e+00	0.00e+00	0.00e+00	0.00e+00	0.00e+00	1.29e-04	8.36e-07	9.63e-07
 2.08788e+17	1.52e-04	1.64e-01	8.36e-01	3.46e-04	0.00e+00	0.00e+00	0.00e+00	0.00e+00	0.00e+00	1.50e-04	9.68e-07	1.11e-06
 2.29667e+17	1.74e-04	1.74e-01	8.25e-01	2.34e-04	0.00e+00	0.00e+00	0.00e+00	0.00e+00	0.00e+00	1.72e-04	1.11e-06	1.27e-06
 2.52634e+17	2.01e-04	1.86e-01	8.13e-01	1.53e-04	0.00e+00	0.00e+00	0.00e+00	0.00e+00	0.00e+00	1.99e-04	1.27e-06	1.46e-06
 2.77897e+17	2.35e-04	2.00e-01	7.99e-01	9.63e-05	0.00e+00	0.00e+00	0.00e+00	0.00e+00	0.00e+00	2.32e-04	1.48e-06	1.70e-06
 3.05687e+17	2.77e-04	2.16e-01	7.84e-01	5.85e-05	0.00e+00	0.00e+00	0.00e+00	0.00e+00	0.00e+00	2.73e-04	1.74e-06	2.00e-06
 3.36256e+17	3.29e-04	2.34e-01	7.66e-01	3.42e-05	0.00e+00	0.00e+00	0.00e+00	0.00e+00	0.00e+00	3.25e-04	2.06e-06	2.37e-06
 3.67751e+17	3.90e-04	2.53e-01	7.47e-01	2.00e-05	0.00e+00	0.00e+00	0.00e+00	0.00e+00	0.00e+00	3.85e-04	2.44e-06	2.80e-06
 3.98253e+17	4.58e-04	2.72e-01	7.27e-01	1.20e-05	0.00e+00	0.00e+00	0.00e+00	0.00e+00	0.00e+00	4.52e-04	2.86e-06	3.27e-06
 4.31355e+17	5.44e-04	2.94e-01	7.05e-01	6.97e-06	0.00e+00	0.00e+00	0.00e+00	0.00e+00	0.00e+00	5.37e-04	3.39e-06	3.87e-06
 4.66625e+17	6.47e-04	3.18e-01	6.81e-01	3.99e-06	0.00e+00	0.00e+00	0.00e+00	0.00e+00	0.00e+00	6.38e-04	4.02e-06	4.60e-06
 4.99730e+17	7.58e-04	3.41e-01	6.58e-01	2.39e-06	0.00e+00	0.00e+00	0.00e+00	0.00e+00	0.00e+00	7.48e-04	4.70e-06	5.37e-06
 5.35780e+17	9.00e-04	3.68e-01	6.31e-01	1.38e-06	0.00e+00	0.00e+00	0.00e+00	0.00e+00	0.00e+00	8.88e-04	5.58e-06	6.37e-06
 5.74348e+17	1.07e-03	3.97e-01	6.02e-01	7.82e-07	0.00e+00	0.00e+00	0.00e+00	0.00e+00	0.00e+00	1.06e-03	6.64e-06	7.58e-06
 6.09168e+17	1.25e-03	4.24e-01	5.75e-01	0.00e+00	0.00e+00	0.00e+00	0.00e+00	0.00e+00	0.00e+00	1.24e-03	7.74e-06	8.84e-06
 6.41860e+17	1.45e-03	4.50e-01	5.48e-01	0.00e+00	0.00e+00	0.00e+00	0.00e+00	0.00e+00	0.00e+00	1.43e-03	8.96e-06	1.02e-05
 6.79370e+17	1.71e-03	4.82e-01	5.17e-01	0.00e+00	0.00e+00	0.00e+00	0.00e+00	0.00e+00	0.00e+00	1.69e-03	1.06e-05	1.21e-05
 7.19682e+17	2.04e-03	5.16e-01	4.82e-01	0.00e+00	0.00e+00	0.00e+00	0.00e+00	0.00e+00	0.00e+00	2.01e-03	1.26e-05	1.44e-05
 7.55111e+17	2.38e-03	5.47e-01	4.51e-01	0.00e+00	0.00e+00	0.00e+00	0.00e+00	0.00e+00	0.00e+00	2.35e-03	1.47e-05	1.68e-05
 7.87332e+17	2.74e-03	5.76e-01	4.22e-01	0.00e+00	0.00e+00	0.00e+00	0.00e+00	0.00e+00	0.00e+00	2.70e-03	1.69e-05	1.94e-05
 8.23908e+17	3.23e-03	6.10e-01	3.87e-01	0.00e+00	0.00e+00	0.00e+00	0.00e+00	0.00e+00	0.00e+00	3.18e-03	2.00e-05	2.29e-05
 8.62874e+17	3.84e-03	6.46e-01	3.50e-01	0.00e+00	0.00e+00	0.00e+00	0.00e+00	0.00e+00	0.00e+00	3.79e-03	2.38e-05	2.73e-05
 8.96241e+17	4.47e-03	6.77e-01	3.18e-01	0.00e+00	0.00e+00	0.00e+00	0.00e+00	0.00e+00	0.00e+00	4.41e-03	2.77e-05	3.19e-05
 9.25527e+17	5.14e-03	7.05e-01	2.89e-01	0.00e+00	0.00e+00	0.00e+00	0.00e+00	0.00e+00	0.00e+00	5.07e-03	3.19e-05	3.67e-05
 9.58214e+17	6.02e-03	7.37e-01	2.57e-01	0.00e+00	0.00e+00	0.00e+00	0.00e+00	0.00e+00	0.00e+00	5.94e-03	3.75e-05	4.32e-05
 9.93114e+17	7.18e-03	7.70e-01	2.23e-01	0.00e+00	0.00e+00	0.00e+00	0.00e+00	0.00e+00	0.00e+00	7.08e-03	4.48e-05	5.17e-05
 1.01857e+18	8.20e-03	7.94e-01	1.98e-01	0.00e+00	0.00e+00	0.00e+00	0.00e+00	0.00e+00	0.00e+00	8.09e-03	5.12e-05	5.90e-05
 1.03443e+18	8.94e-03	8.08e-01	1.83e-01	0.00e+00	0.00e+00	0.00e+00	0.00e+00	0.00e+00	0.00e+00	8.82e-03	5.58e-05	6.44e-05
 1.05012e+18	9.78e-03	8.23e-01	1.67e-01	0.00e+00	0.00e+00	0.00e+00	0.00e+00	0.00e+00	0.00e+00	9.65e-03	6.11e-05	7.04e-05
 1.07052e+18	1.10e-02	8.41e-01	1.48e-01	0.00e+00	0.00e+00	0.00e+00	0.00e+00	0.00e+00	0.00e+00	1.09e-02	6.88e-05	7.93e-05
 1.09228e+18	1.26e-02	8.59e-01	1.28e-01	0.00e+00	0.00e+00	0.00e+00	0.00e+00	0.00e+00	0.00e+00	1.24e-02	7.86e-05	9.05e-05
 1.11077e+18	1.41e-02	8.74e-01	1.12e-01	0.00e+00	0.00e+00	0.00e+00	0.00e+00	0.00e+00	0.00e+00	1.39e-02	8.85e-05	1.02e-04
 1.12690e+18	1.58e-02	8.86e-01	9.79e-02	0.00e+00	0.00e+00	0.00e+00	0.00e+00	0.00e+00	0.00e+00	1.56e-02	9.87e-05	1.14e-04
 1.14500e+18	1.79e-02	8.99e-01	8.31e-02	0.00e+00	0.00e+00	0.00e+00	0.00e+00	0.00e+00	0.00e+00	1.77e-02	1.12e-04	1.29e-04
 1.16461e+18	2.08e-02	9.11e-01	6.81e-02	0.00e+00	0.00e+00	0.00e+00	0.00e+00	0.00e+00	0.00e+00	2.05e-02	1.30e-04	1.50e-04
 1.18186e+18	2.39e-02	9.20e-01	5.58e-02	0.00e+00	0.00e+00	0.00e+00	0.00e+00	0.00e+00	0.00e+00	2.35e-02	1.49e-04	1.72e-04
 1.19722e+18	2.73e-02	9.27e-01	4.57e-02	0.00e+00	0.00e+00	0.00e+00	0.00e+00	0.00e+00	0.00e+00	2.69e-02	1.71e-04	1.96e-04
 1.21203e+18	3.13e-02	9.32e-01	3.67e-02	0.00e+00	0.00e+00	0.00e+00	0.00e+00	0.00e+00	0.00e+00	3.09e-02	1.96e-04	2.25e-04
 1.22608e+18	3.61e-02	9.35e-01	2.91e-02	0.00e+00	0.00e+00	0.00e+00	0.00e+00	0.00e+00	0.00e+00	3.56e-02	2.25e-04	2.59e-04
 1.23870e+18	4.15e-02	9.36e-01	2.29e-02	0.00e+00	0.00e+00	0.00e+00	0.00e+00	0.00e+00	0.00e+00	4.09e-02	2.59e-04	2.97e-04
 1.24983e+18	4.74e-02	9.35e-01	1.80e-02	0.00e+00	0.00e+00	0.00e+00	0.00e+00	0.00e+00	0.00e+00	4.67e-02	2.95e-04	3.38e-04
 1.25982e+18	5.37e-02	9.32e-01	1.42e-02	0.00e+00	0.00e+00	0.00e+00	0.00e+00	0.00e+00	0.00e+00	5.30e-02	3.33e-04	3.82e-04
 1.26914e+18	6.10e-02	9.28e-01	1.11e-02	0.00e+00	0.00e+00	0.00e+00	0.00e+00	0.00e+00	0.00e+00	6.02e-02	3.77e-04	4.33e-04
 1.27788e+18	6.96e-02	9.22e-01	8.56e-03	0.00e+00	0.00e+00	0.00e+00	0.00e+00	0.00e+00	0.00e+00	6.87e-02	4.28e-04	4.91e-04
 1.28579e+18	7.89e-02	9.14e-01	6.60e-03	0.00e+00	0.00e+00	0.00e+00	0.00e+00	0.00e+00	0.00e+00	7.79e-02	4.83e-04	5.54e-04
 1.29297e+18	8.93e-02	9.06e-01	5.08e-03	0.00e+00	0.00e+00	0.00e+00	0.00e+00	0.00e+00	0.00e+00	8.81e-02	5.43e-04	6.22e-04
 1.29976e+18	1.01e-01	8.95e-01	3.87e-03	0.00e+00	0.00e+00	0.00e+00	0.00e+00	0.00e+00	0.00e+00	9.96e-02	6.08e-04	6.98e-04
 1.30638e+18	1.15e-01	8.82e-01	2.89e-03	0.00e+00	0.00e+00	0.00e+00	0.00e+00	0.00e+00	0.00e+00	1.13e-01	6.85e-04	7.86e-04
 1.31280e+18	1.31e-01	8.67e-01	2.12e-03	0.00e+00	0.00e+00	0.00e+00	0.00e+00	0.00e+00	0.00e+00	1.30e-01	7.74e-04	8.88e-04
 1.31885e+18	1.50e-01	8.48e-01	1.54e-03	0.00e+00	0.00e+00	0.00e+00	0.00e+00	0.00e+00	0.00e+00	1.48e-01	8.74e-04	1.00e-03
 1.32452e+18	1.72e-01	8.27e-01	1.11e-03	0.00e+00	0.00e+00	0.00e+00	0.00e+00	0.00e+00	0.00e+00	1.70e-01	9.82e-04	1.13e-03
 1.32999e+18	1.98e-01	8.02e-01	7.93e-04	0.00e+00	0.00e+00	0.00e+00	0.00e+00	0.00e+00	0.00e+00	1.95e-01	1.10e-03	1.27e-03
 1.33535e+18	2.28e-01	7.71e-01	5.52e-04	0.00e+00	0.00e+00	0.00e+00	0.00e+00	0.00e+00	0.00e+00	2.26e-01	1.24e-03	1.42e-03
 1.34050e+18	2.65e-01	7.35e-01	3.79e-04	0.00e+00	0.00e+00	0.00e+00	0.00e+00	0.00e+00	0.00e+00	2.62e-01	1.39e-03	1.60e-03
 1.34520e+18	3.05e-01	6.95e-01	2.62e-04	0.00e+00	0.00e+00	0.00e+00	0.00e+00	0.00e+00	0.00e+00	3.01e-01	1.53e-03	1.76e-03
 1.34907e+18	3.43e-01	6.57e-01	1.90e-04	0.00e+00	0.00e+00	0.00e+00	0.00e+00	0.00e+00	0.00e+00	3.39e-01	1.66e-03	1.90e-03
 1.35205e+18	3.76e-01	6.23e-01	1.46e-04	0.00e+00	0.00e+00	0.00e+00	0.00e+00	0.00e+00	0.00e+00	3.73e-01	1.75e-03	2.01e-03
 1.35446e+18	4.06e-01	5.94e-01	1.17e-04	0.00e+00	0.00e+00	0.00e+00	0.00e+00	0.00e+00	0.00e+00	4.02e-01	1.82e-03	2.09e-03
 1.35663e+18	4.34e-01	5.66e-01	9.53e-05	0.00e+00	0.00e+00	0.00e+00	0.00e+00	0.00e+00	0.00e+00	4.30e-01	1.87e-03	2.16e-03
 1.35863e+18	4.61e-01	5.38e-01	7.84e-05	0.00e+00	0.00e+00	0.00e+00	0.00e+00	0.00e+00	0.00e+00	4.57e-01	1.92e-03	2.21e-03
 1.36044e+18	4.87e-01	5.13e-01	6.55e-05	0.00e+00	0.00e+00	0.00e+00	0.00e+00	0.00e+00	0.00e+00	4.83e-01	1.95e-03	2.25e-03
 1.36204e+18	5.10e-01	4.90e-01	5.57e-05	0.00e+00	0.00e+00	0.00e+00	0.00e+00	0.00e+00	0.00e+00	5.06e-01	1.98e-03	2.28e-03
 1.36348e+18	5.32e-01	4.68e-01	4.78e-05	0.00e+00	0.00e+00	0.00e+00	0.00e+00	0.00e+00	0.00e+00	5.28e-01	1.99e-03	2.30e-03
 1.36488e+18	5.53e-01	4.47e-01	4.12e-05	0.00e+00	0.00e+00	0.00e+00	0.00e+00	0.00e+00	0.00e+00	5.49e-01	2.00e-03	2.31e-03
 1.36621e+18	5.74e-01	4.26e-01	3.57e-05	0.00e+00	0.00e+00	0.00e+00	0.00e+00	0.00e+00	0.00e+00	5.69e-01	2.01e-03	2.32e-03
 1.36742e+18	5.93e-01	4.07e-01	3.12e-05	0.00e+00	0.00e+00	0.00e+00	0.00e+00	0.00e+00	0.00e+00	5.88e-01	2.00e-03	2.32e-03
 1.36840e+18	6.07e-01	3.93e-01	2.82e-05	0.00e+00	0.00e+00	0.00e+00	0.00e+00	0.00e+00	0.00e+00	6.03e-01	2.00e-03	2.31e-03
 1.36913e+18	6.18e-01	3.82e-01	2.60e-05	0.00e+00	0.00e+00	0.00e+00	0.00e+00	0.00e+00	0.00e+00	6.14e-01	1.99e-03	2.30e-03
 1.36984e+18	6.30e-01	3.70e-01	2.40e-05	0.00e+00	0.00e+00	0.00e+00	0.00e+00	0.00e+00	0.00e+00	6.26e-01	1.99e-03	2.29e-03
 1.37059e+18	6.42e-01	3.58e-01	2.20e-05	0.00e+00	0.00e+00	0.00e+00	0.00e+00	0.00e+00	0.00e+00	6.37e-01	1.98e-03	2.28e-03
 1.37137e+18	6.54e-01	3.46e-01	2.01e-05	0.00e+00	0.00e+00	0.00e+00	0.00e+00	0.00e+00	0.00e+00	6.49e-01	1.96e-03	2.27e-03
 1.37214e+18	6.66e-01	3.34e-01	1.84e-05	0.00e+00	0.00e+00	0.00e+00	0.00e+00	0.00e+00	0.00e+00	6.61e-01	1.95e-03	2.25e-03
 1.37289e+18	6.77e-01	3.23e-01	1.69e-05	0.00e+00	0.00e+00	0.00e+00	0.00e+00	0.00e+00	0.00e+00	6.73e-01	1.93e-03	2.23e-03
 1.37363e+18	6.88e-01	3.12e-01	1.55e-05	0.00e+00	0.00e+00	0.00e+00	0.00e+00	0.00e+00	0.00e+00	6.84e-01	1.91e-03	2.20e-03
 1.37437e+18	6.99e-01	3.01e-01	1.42e-05	0.00e+00	0.00e+00	0.00e+00	0.00e+00	0.00e+00	0.00e+00	6.95e-01	1.89e-03	2.17e-03
 1.37511e+18	7.10e-01	2.90e-01	1.30e-05	0.00e+00	0.00e+00	0.00e+00	0.00e+00	0.00e+00	0.00e+00	7.06e-01	1.87e-03	2.14e-03
 1.37583e+18	7.21e-01	2.79e-01	1.19e-05	0.00e+00	0.00e+00	0.00e+00	0.00e+00	0.00e+00	0.00e+00	7.17e-01	1.85e-03	2.11e-03
 1.37653e+18	7.31e-01	2.69e-01	1.10e-05	0.00e+00	0.00e+00	0.00e+00	0.00e+00	0.00e+00	0.00e+00	7.27e-01	1.82e-03	2.08e-03
 1.37725e+18	7.41e-01	2.59e-01	1.01e-05	0.00e+00	0.00e+00	0.00e+00	0.00e+00	0.00e+00	0.00e+00	7.37e-01	1.80e-03	2.04e-03
 1.37796e+18	7.51e-01	2.49e-01	9.25e-06	0.00e+00	0.00e+00	0.00e+00	0.00e+00	0.00e+00	0.00e+00	7.47e-01	1.77e-03	2.01e-03
 1.37866e+18	7.61e-01	2.39e-01	8.51e-06	0.00e+00	0.00e+00	0.00e+00	0.00e+00	0.00e+00	0.00e+00	7.57e-01	1.74e-03	1.97e-03
 1.37935e+18	7.70e-01	2.30e-01	7.83e-06	0.00e+00	0.00e+00	0.00e+00	0.00e+00	0.00e+00	0.00e+00	7.66e-01	1.72e-03	1.93e-03
 1.38004e+18	7.79e-01	2.21e-01	7.20e-06	0.00e+00	0.00e+00	0.00e+00	0.00e+00	0.00e+00	0.00e+00	7.75e-01	1.69e-03	1.90e-03
 1.38073e+18	7.88e-01	2.12e-01	6.63e-06	0.00e+00	0.00e+00	0.00e+00	0.00e+00	0.00e+00	0.00e+00	7.84e-01	1.66e-03	1.86e-03
 1.38141e+18	7.96e-01	2.04e-01	6.11e-06	0.00e+00	0.00e+00	0.00e+00	0.00e+00	0.00e+00	0.00e+00	7.93e-01	1.63e-03	1.82e-03
 1.38208e+18	8.05e-01	1.95e-01	5.63e-06	0.00e+00	0.00e+00	0.00e+00	0.00e+00	0.00e+00	0.00e+00	8.01e-01	1.60e-03	1.78e-03
 1.38276e+18	8.13e-01	1.87e-01	5.18e-06	0.00e+00	0.00e+00	0.00e+00	0.00e+00	0.00e+00	0.00e+00	8.10e-01	1.57e-03	1.74e-03
 1.38342e+18	8.21e-01	1.79e-01	4.78e-06	0.00e+00	0.00e+00	0.00e+00	0.00e+00	0.00e+00	0.00e+00	8.17e-01	1.54e-03	1.70e-03
 1.38406e+18	8.28e-01	1.72e-01	4.42e-06	0.00e+00	0.00e+00	0.00e+00	0.00e+00	0.00e+00	0.00e+00	8.25e-01	1.51e-03	1.67e-03
 1.38469e+18	8.35e-01	1.65e-01	4.09e-06	0.00e+00	0.00e+00	0.00e+00	0.00e+00	0.00e+00	0.00e+00	8.32e-01	1.49e-03	1.63e-03
 1.38532e+18	8.42e-01	1.58e-01	3.79e-06	0.00e+00	0.00e+00	0.00e+00	0.00e+00	0.00e+00	0.00e+00	8.39e-01	1.46e-03	1.59e-03
 1.38595e+18	8.49e-01	1.51e-01	3.51e-06	0.00e+00	0.00e+00	0.00e+00	0.00e+00	0.00e+00	0.00e+00	8.46e-01	1.43e-03	1.55e-03
 1.38656e+18	8.55e-01	1.45e-01	3.25e-06	0.00e+00	0.00e+00	0.00e+00	0.00e+00	0.00e+00	0.00e+00	8.52e-01	1.40e-03	1.52e-03
 1.38715e+18	8.61e-01	1.39e-01	3.03e-06	0.00e+00	0.00e+00	0.00e+00	0.00e+00	0.00e+00	0.00e+00	8.58e-01	1.37e-03	1.48e-03
 1.38772e+18	8.67e-01	1.33e-01	2.82e-06	0.00e+00	0.00e+00	0.00e+00	0.00e+00	0.00e+00	0.00e+00	8.64e-01	1.35e-03	1.45e-03
 1.38829e+18	8.73e-01	1.27e-01	2.63e-06	0.00e+00	0.00e+00	0.00e+00	0.00e+00	0.00e+00	0.00e+00	8.70e-01	1.32e-03	1.41e-03
 1.38885e+18	8.78e-01	1.22e-01	2.46e-06	0.00e+00	0.00e+00	0.00e+00	0.00e+00	0.00e+00	0.00e+00	8.75e-01	1.29e-03	1.38e-03
 1.38940e+18	8.83e-01	1.17e-01	2.30e-06	0.00e+00	0.00e+00	0.00e+00	0.00e+00	0.00e+00	0.00e+00	8.81e-01	1.27e-03	1.34e-03
 1.38993e+18	8.88e-01	1.12e-01	2.15e-06	0.00e+00	0.00e+00	0.00e+00	0.00e+00	0.00e+00	0.00e+00	8.86e-01	1.24e-03	1.31e-03
 1.39045e+18	8.93e-01	1.07e-01	2.02e-06	0.00e+00	0.00e+00	0.00e+00	0.00e+00	0.00e+00	0.00e+00	8.91e-01	1.22e-03	1.28e-03
 1.39096e+18	8.98e-01	1.02e-01	1.90e-06	0.00e+00	0.00e+00	0.00e+00	0.00e+00	0.00e+00	0.00e+00	8.95e-01	1.19e-03	1.24e-03
 1.39144e+18	9.02e-01	9.77e-02	1.79e-06	0.00e+00	0.00e+00	0.00e+00	0.00e+00	0.00e+00	0.00e+00	9.00e-01	1.17e-03	1.21e-03
 1.39187e+18	9.06e-01	9.38e-02	1.70e-06	0.00e+00	0.00e+00	0.00e+00	0.00e+00	0.00e+00	0.00e+00	9.04e-01	1.14e-03	1.18e-03
 1.39225e+18	9.10e-01	9.03e-02	1.62e-06	0.00e+00	0.00e+00	0.00e+00	0.00e+00	0.00e+00	0.00e+00	9.07e-01	1.12e-03	1.16e-03
 1.39257e+18	9.13e-01	8.73e-02	1.56e-06	0.00e+00	0.00e+00	0.00e+00	0.00e+00	0.00e+00	0.00e+00	9.10e-01	1.10e-03	1.13e-03
 1.39286e+18	9.15e-01	8.46e-02	1.50e-06	0.00e+00	0.00e+00	0.00e+00	0.00e+00	0.00e+00	0.00e+00	9.13e-01	1.08e-03	1.11e-03
 1.39313e+18	9.18e-01	8.19e-02	1.45e-06	0.00e+00	0.00e+00	0.00e+00	0.00e+00	0.00e+00	0.00e+00	9.16e-01	1.07e-03	1.09e-03
 1.39337e+18	9.20e-01	7.96e-02	1.41e-06	0.00e+00	0.00e+00	0.00e+00	0.00e+00	0.00e+00	0.00e+00	9.18e-01	1.05e-03	1.07e-03
